18 33
nt BABA
11 6
nt WALL
11 14
nt ROCK
19 14
o IS
12 6
20 6
12 14
20 14
p YOU
13 6
p WIN
21 6
ni BABA
12 10
ni WALL
11 8
12 8
13 8
14 8
15 8
16 8
17 8
18 8
19 8
20 8
21 8
11 12
12 12
13 12
14 12
15 12
16 12
17 12
18 12
19 12
20 12
21 12
ni FLAG
19 10
ni ROCK
16 9
16 10
16 11
p PUSH
21 14
p STOP
13 14
nt FLAG
19 6
ni TILE
11 9
12 9
13 9
14 9
15 9
17 9
18 9
19 9
20 9
21 9
11 11
12 11
13 11
14 11
15 11
17 11
18 11
19 11
20 11
21 11
11 10
13 10
14 10
15 10
17 10
18 10
20 10
21 10
