13 23
nt ROCK
0 0
o IS
1 0
1 2
1 4
13 9
8 11
p STOP
2 0
14 9
nt SKULL
0 2
p DEFEAT
2 2
nt FLAG
0 4
p WIN
2 4
ni ROCK
0 6
1 6
2 6
3 6
4 6
4 5
4 4
4 3
4 2
4 1
4 0
ni GRASS
5 0
6 0
7 0
8 0
9 0
6 1
7 1
1 10
2 10
2 9
3 10
2 11
3 11
23 0
22 0
21 0
23 1
22 1
23 2
23 13
22 13
21 13
20 13
19 13
22 12
21 12
nt BABA
8 10
p YOU
8 12
ni BABA
8 6
ni WALL
6 6
6 7
6 8
7 8
8 8
9 8
10 8
10 7
10 9
10 10
10 11
11 11
12 11
13 11
14 11
15 11
15 10
15 9
15 8
15 6
14 6
13 6
15 5
15 4
16 5
17 5
18 5
19 5
19 4
19 3
19 2
19 1
18 1
17 1
16 1
15 1
15 2
14 1
13 1
11 1
10 1
10 2
10 3
10 4
10 5
9 4
8 4
7 4
6 4
6 5
nt WALL
12 9
ni SKULL
12 0
12 1
12 2
12 3
12 4
12 5
12 6
12 7
13 7
14 7
15 7
16 7
17 7
18 7
19 7
20 7
21 7
22 7
23 7
ni FLAG
17 3
ni TILE
7 6
7 5
7 7
8 5
8 7
9 5
9 6
9 7
16 3
16 2
16 4
17 2
17 4
18 2
18 3
18 4
ni FLOWER
8 1
3 7
22 5
21 9
19 10
17 12
ni BRICK
9 2
9 3
8 3
16 6
17 6
16 8
17 8
16 9