18 24
nt BABA
6 12
o IS
6 13
11 13
11 4
p YOU
6 14
nt WALL
11 12
p STOP
11 14
ni BABA
14 13
nt FLAG
7 8
ni FLAG
11 8
p WIN
14 6
ni WALL
9 2
10 2
11 2
12 2
13 2
14 2
15 2
16 2
16 3
16 4
16 5
16 6
16 7
16 8
16 9
16 10
16 11
16 12
16 13
16 14
16 15
16 16
15 16
14 16
13 16
12 16
11 16
10 16
9 16
9 15
9 14
9 13
9 12
9 11
9 10
10 10
11 10
12 10
13 10
14 10
15 10
8 10
7 10
6 10
5 10
5 9
5 8
5 7
5 6
6 6
7 6
8 6
9 6
9 5
9 4
9 3
ni GRASS
7 1
1 8
2 9
2 15
17 3
18 4
22 2
20 7
20 13
21 13
21 12
19 16
ni TILE
6 8
6 7
6 9
7 7
7 9
8 8
8 7
8 9
9 7
9 8
9 9
