13 23 
nt FLAG
0 0
o IS
1 0
1 1
3 5
15 6
nt BABA
0 1
p YOU
2 1
p WIN
2 0
p PUSH
4 5
ni BABA
6 12
ni ROCK
6 10
6 9
6 8
nt ROCK
2 5
ni SKULL
3 13 
3 12
3 11
3 10
3 9
4 9
5 9
5 8
5 7
9 13
9 12
9 11 
9 10
9 9
8 9
7 9
7 8
7 7
13 11
13 10
13 9
13 8
13 7
13 6
13 5
13 4
13 3
14 3
15 3
16 3
17 3
18 3
19 3
20 3
21 3
21 4
21 5
21 6
21 7
21 8
21 9
21 10
21 11
20 11
19 11
18 11
17 11
16 11
15 11
14 11
nt SKULL
15 5
p DEFEAT
15 7
ni FLAG
18 9
