17 32
nt WALL
0 0
o IS
1 0
9 3
7 8
9 14
9 12
26 14
p STOP
2 0
ni LAVA
3 0
4 0
0 1
1 1
2 1
3 1
0 2
1 2
0 3
20 0
21 0
22 0
23 0
24 0
25 0
26 0
19 1
20 1
21 1
22 1
23 1
24 1
25 1
19 2
20 2
21 2
22 2
23 2
24 2
18 3
19 3
20 3
21 3
22 3
23 3
24 3
18 4
19 4
20 4
21 4
22 4
23 4
18 5
19 5
20 5
21 5
22 5
23 5
17 6
18 6
19 6
20 6
21 6
22 6
23 6
17 7
18 7
19 7
20 7
21 7
22 7
17 8
18 8
19 8
20 8
21 8
22 8
16 9
17 9
18 9
19 9
20 9
21 9
22 9
16 10
17 10
18 10
19 10
20 10
21 10
15 11
16 11
17 11
18 11
19 11
20 11
15 12
16 12
17 12
18 12
19 12
20 12
14 13
15 13
16 13
17 13
18 13
19 13
14 14
15 14
16 14
17 14
18 14
13 15
14 15
15 15
16 15
17 15
18 15
12 16
13 16
14 16
15 16
16 16
17 16
11 17
12 17
13 17
14 17
15 17
16 17
17 17
32 17
32 16
32 15
31 17
30 17
31 16
nt BABA
8 3
8 12
ni BABA
14 1
p YOU
10 3
ni WALL
6 0
6 1
6 2
6 3
6 4
6 5
6 6
6 7
8 7
7 4
7 6
8 6
9 6
10 6
11 6
12 6
12 4
11 4
12 3
12 2
12 0
13 3
14 3
15 3
16 3
16 2
16 1
16 0
7 12
7 13
7 14
7 15
8 15
9 15
10 15
11 15
11 14
11 13
11 12
8 13
9 13
10 13
nt ROCK
7 7
p PUSH
7 9
nt LAVA
8 14
12 10
p HOT
10 14
p MELT
10 12
ni ROCK
12 5
ni FLAG
26 12
nt FLAG
25 14
p WIN
27 14