18 24
ni WALL
15 13
o IS
7 13
12 13
12 4
p YOU
7 14
nt FLAG
12 12
nt WALL
7 12
nt BABA
8 8
p WIN
15 6
p STOP
12 14
ni FLAG
10 2
11 2
12 2
13 2
14 2
15 2
16 2
17 2
17 3
17 4
17 5
17 6
17 7
17 8
17 9
17 10
17 11
17 12
17 13
17 14
17 15
16 15
15 15
14 15
14 16
13 16
12 16
11 16
10 16
10 15
10 14
10 13
10 12
10 11
10 10
11 10
12 10
13 10
14 10
15 10
16 10
9 10
8 10
7 10
6 10
6 9
6 8
6 7
6 6
7 6
8 6
9 6
10 6
10 5
10 4
10 3
ni GRASS
7 8
7 7
7 9
8 7
8 9
9 8
9 7
9 9
10 7
10 8
10 9
ni TILE
2 2
8 1
5 3
5 4
2 8
1 9
4 14
5 16
18 3
19 4
22 2
21 9
18 15
18 16
19 14

