15 21
nt BABA
0 0
nt WALL
1 0
o IS
0 1
1 1
6 5
14 9
14 12
nt WATER
6 4
p SINK
6 6
nt ROCK
13 9
p PUSH
15 9
nt FLAG
13 12
p WIN
15 12
p YOU
0 2
p STOP
1 2
ni BABA 
9 3
ni WALL
0 3
1 3
2 3
2 2
2 1
2 0
4 7
4 8
4 9
4 10
4 11
4 12
4 13
4 14
5 7
6 7
7 7
7 6
7 5
7 4
7 3
7 2
7 1
8 1
9 1
10 1
11 1
12 1
13 1
14 1
14 2
14 3
14 4
14 5
14 6
14 7
13 7
12 7
11 7
15 7
16 7
17 7
17 8
17 9
17 10
17 11
17 12
17 13
17 14
16 14
15 14
14 14
13 14
12 14
11 14
10 14
9 14
8 14
7 14
6 14
5 14
11 8
11 9
11 10
11 12
11 13
9 11
ni WATER
10 7
9 7
8 7
5 12
5 11
6 12
6 13
6 11
7 11
7 12
7 13
ni FLAG
5 13
ni ROCK
12 3
12 5
ni TILE
8 2
9 2
10 2
11 2
12 2
13 2
8 3
10 3
11 3
13 3
8 4
9 4
10 4
11 4
12 4
13 4
8 5
9 5
10 5
11 5
13 5
8 6
9 6
10 6
11 6
12 6
13 6
ni GRASS
4 1
5 3
4 5
3 5
0 7
1 8
1 12
2 12
1 13
2 13
16 0
16 1
19 7
20 9
20 13
21 13
20 14
18 12
